experiments.append('../sounds/carriers/skalpel.wav', '0.0', '../sounds/noises/keys.wav', '-30', [[76, 111, 114, 101, 109, 32, 73, 112, 115, 117, 109, 32, 105, 115, 32, 115, 105, 109, 112, 108, 121, 32, 100, 117, 109, 109, 121, 32, 116, 101, 120, 116]], [76,111,114,101,109,32,73,112,115,117,109,32,105,115,32,115,105,109,112,108,121,32,100,117,109,109,121,32,116,101,120,116])
experiments.append('../sounds/carriers/skalpel.wav', '0.0', '../sounds/noises/keys.wav', '-20', [[76, 111, 114, 101, 109, 32, 73, 112, 115, 117, 109, 32, 105, 115, 32, 115, 105, 109, 112, 108, 121, 32, 100, 117, 109, 109, 121, 32, 116, 101, 120, 116]], [76,111,114,101,109,32,73,112,115,117,109,32,105,115,32,115,105,109,112,108,121,32,100,117,109,109,121,32,116,101,120,116])
experiments.append('../sounds/carriers/skalpel.wav', '0.0', '../sounds/noises/keys.wav', '-10', [[76, 111, 114, 101, 109, 32, 73, 112, 115, 117, 109, 32, 105, 115, 32, 115, 105, 109, 112, 108, 121, 32, 100, 117, 109, 109, 121, 32, 116, 101, 120, 116]], [76,111,114,101,109,32,73,112,115,117,109,32,105,115,32,115,105,109,112,108,121,32,100,117,109,109,121,32,116,101,120,116])
experiments.append('../sounds/carriers/skalpel.wav', '0.0', '../sounds/noises/keys.wav', '0', [[76, 111, 114, 101, 109, 32, 73, 112, 115, 117, 109, 32, 105, 115, 32, 115, 105, 109, 112, 108, 121, 32, 100, 117, 109, 109, 121, 32, 116, 101, 120, 116]], [76,111,114,101,109,32,73,112,115,117,109,32,105,115,32,115,65,77,112,108,121,40,108,117,109,109,121,32,116,101,120,116])
experiments.append('../sounds/carriers/skalpel.wav', '0.0', '../sounds/noises/crowd.wav', '-30', [[76, 111, 114, 101, 109, 32, 73, 112, 115, 117, 109, 32, 105, 115, 32, 115, 105, 109, 112, 108, 121, 32, 100, 117, 109, 109, 121, 32, 116, 101, 120, 116]], [76,111,114,101,109,32,73,112,115,117,109,32,105,115,32,115,105,109,112,108,121,32,100,117,109,109,121,32,116,101,120,116])
experiments.append('../sounds/carriers/skalpel.wav', '0.0', '../sounds/noises/crowd.wav', '-20', [[76, 111, 114, 101, 109, 32, 73, 112, 115, 117, 109, 32, 105, 115, 32, 115, 105, 109, 112, 108, 121, 32, 100, 117, 109, 109, 121, 32, 116, 101, 120, 116]], [76,111,114,101,109,32,73,112,115,117,109,32,105,115,32,115,105,109,112,108,121,32,100,117,109,109,121,32,116,101,120,116])
experiments.append('../sounds/carriers/skalpel.wav', '0.0', '../sounds/noises/crowd.wav', '-10', [[76, 111, 114, 101, 109, 32, 73, 112, 115, 117, 109, 32, 105, 115, 32, 115, 105, 109, 112, 108, 121, 32, 100, 117, 109, 109, 121, 32, 116, 101, 120, 116]], [76,111,114,101,109,32,73,112,115,117,109,32,105,115,32,115,105,109,112,108,121,32,100,117,109,109,121,32,116,101,120,116])
experiments.append('../sounds/carriers/skalpel.wav', '0.0', '../sounds/noises/crowd.wav', '0', [[76, 111, 114, 101, 109, 32, 73, 112, 115, 117, 109, 32, 105, 115, 32, 115, 105, 109, 112, 108, 121, 32, 100, 117, 109, 109, 121, 32, 116, 101, 120, 116]], [76,111,114,101,109,32,73,112,115,117,109,32,105,115,32,115,105,109,112,108,121,32,100,117,109,109,121,32,116,101,120,116])
experiments.append('../sounds/carriers/skalpel.wav', '0.0', '../sounds/noises/bottle-scratch.wav', '-30', [[76, 111, 114, 101, 109, 32, 73, 112, 115, 117, 109, 32, 105, 115, 32, 115, 105, 109, 112, 108, 121, 32, 100, 117, 109, 109, 121, 32, 116, 101, 120, 116]], [76,111,114,101,109,32,73,112,115,117,109,32,105,115,32,115,105,109,112,108,121,32,100,117,109,109,121,32,116,101,120,116])
experiments.append('../sounds/carriers/skalpel.wav', '0.0', '../sounds/noises/bottle-scratch.wav', '-20', [[76, 111, 114, 101, 109, 32, 73, 112, 115, 117, 109, 32, 105, 115, 32, 115, 105, 109, 112, 108, 121, 32, 100, 117, 109, 109, 121, 32, 116, 101, 120, 116]], [76,111,114,101,109,32,73,112,115,117,109,32,105,115,32,115,105,109,112,108,121,32,100,117,109,109,121,32,116,101,120,116])
experiments.append('../sounds/carriers/skalpel.wav', '0.0', '../sounds/noises/bottle-scratch.wav', '-10', [[76, 111, 114, 101, 109, 32, 73, 112, 115, 117, 109, 32, 105, 115, 32, 115, 105, 109, 112, 108, 121, 32, 100, 117, 109, 109, 121, 32, 116, 101, 120, 116]], [76,111,114,101,109,32,73,112,115,117,109,32,105,115,32,115,105,109,112,108,121,32,100,117,109,109,121,32,116,101,120,116])
experiments.append('../sounds/carriers/skalpel.wav', '0.0', '../sounds/noises/bottle-scratch.wav', '0', [[76, 111, 114, 101, 109, 32, 73, 112, 115, 117, 109, 32, 105, 115, 32, 115, 105, 109, 112, 108, 121, 32, 100, 117, 109, 109, 121, 32, 116, 101, 120, 116]], [76,111,114,101,109,32,73,112,115,117,109,32,105,115,32,115,97,109,112,108,121,32,100,53,45,109,121,32,124,101,120,36])
experiments.append('../sounds/carriers/skalpel.wav', '0.0', '../sounds/noises/ambulance.wav', '-30', [[76, 111, 114, 101, 109, 32, 73, 112, 115, 117, 109, 32, 105, 115, 32, 115, 105, 109, 112, 108, 121, 32, 100, 117, 109, 109, 121, 32, 116, 101, 120, 116]], [76,111,114,101,109,32,73,112,115,117,109,32,105,115,32,115,105,109,112,108,121,32,100,117,109,109,121,32,116,101,120,116])
experiments.append('../sounds/carriers/skalpel.wav', '0.0', '../sounds/noises/ambulance.wav', '-20', [[76, 111, 114, 101, 109, 32, 73, 112, 115, 117, 109, 32, 105, 115, 32, 115, 105, 109, 112, 108, 121, 32, 100, 117, 109, 109, 121, 32, 116, 101, 120, 116]], [76,111,114,101,109,32,73,112,115,117,109,32,105,115,32,115,105,109,112,108,121,32,100,117,109,109,121,32,116,101,120,116])
experiments.append('../sounds/carriers/skalpel.wav', '0.0', '../sounds/noises/ambulance.wav', '-10', [[76, 111, 114, 101, 109, 32, 73, 112, 115, 117, 109, 32, 105, 115, 32, 115, 105, 109, 112, 108, 121, 32, 100, 117, 109, 109, 121, 32, 116, 101, 120, 116]], [76,111,114,101,109,32,73,112,115,117,109,32,105,115,32,115,105,109,112,108,121,32,100,117,109,109,121,32,116,101,120,116])
experiments.append('../sounds/carriers/skalpel.wav', '0.0', '../sounds/noises/ambulance.wav', '0', [[76, 111, 114, 101, 109, 32, 73, 112, 115, 117, 109, 32, 105, 115, 32, 115, 105, 109, 112, 108, 121, 32, 100, 117, 109, 109, 121, 32, 116, 101, 120, 116]], [76,111,114,101,109,32,73,112,115,117,109,32,105,115,32,115,105,109,112,108,121,32,100,117,109,109,121,32,116,101,120,116])
experiments.append('../sounds/carriers/bach.wav', '0.0', '../sounds/noises/keys.wav', '-30', [[76, 111, 114, 101, 109, 32, 73, 112, 115, 117, 109, 32, 105, 115, 32, 115, 105, 109, 112, 108, 121, 32, 100, 117, 109, 109, 121, 32, 116, 101, 120, 116]], [76,111,114,101,109,32,73,112,115,117,109,32,105,115,32,115,105,109,112,108,121,32,100,117,109,109,121,32,116,101,120,116])
experiments.append('../sounds/carriers/bach.wav', '0.0', '../sounds/noises/keys.wav', '-20', [[76, 111, 114, 101, 109, 32, 73, 112, 115, 117, 109, 32, 105, 115, 32, 115, 105, 109, 112, 108, 121, 32, 100, 117, 109, 109, 121, 32, 116, 101, 120, 116]], [76,111,114,101,109,32,73,112,115,117,109,32,105,115,32,115,105,109,112,108,121,32,100,117,109,109,121,32,116,101,120,116])
experiments.append('../sounds/carriers/bach.wav', '0.0', '../sounds/noises/keys.wav', '-10', [[76, 111, 114, 101, 109, 32, 73, 112, 115, 117, 109, 32, 105, 115, 32, 115, 105, 109, 112, 108, 121, 32, 100, 117, 109, 109, 121, 32, 116, 101, 120, 116]], [76,111,114,101,109,32,73,112,115,117,109,32,105,115,32,115,105,109,112,108,121,32,100,117,109,109,121,32,116,101,120,116])
experiments.append('../sounds/carriers/bach.wav', '0.0', '../sounds/noises/keys.wav', '0', [[76, 111, 114, 101, 109, 32, 73, 112, 115, 117, 109, 32, 105, 115, 32, 115, 105, 109, 112, 108, 121, 32, 100, 117, 109, 109, 121, 32, 116, 101, 120, 116]], [76,110,114,101,109,32,73,112,115,117,109,32,97,123,32,99])
experiments.append('../sounds/carriers/bach.wav', '0.0', '../sounds/noises/crowd.wav', '-30', [[76, 111, 114, 101, 109, 32, 73, 112, 115, 117, 109, 32, 105, 115, 32, 115, 105, 109, 112, 108, 121, 32, 100, 117, 109, 109, 121, 32, 116, 101, 120, 116]], [76,111,114,101,109,32,73,112,115,117,109,32,105,115,32,115,105,109,112,108,121,32,100,117,109,109,121,32,116,101,120,116])
experiments.append('../sounds/carriers/bach.wav', '0.0', '../sounds/noises/crowd.wav', '-20', [[76, 111, 114, 101, 109, 32, 73, 112, 115, 117, 109, 32, 105, 115, 32, 115, 105, 109, 112, 108, 121, 32, 100, 117, 109, 109, 121, 32, 116, 101, 120, 116]], [76,111,114,101,109,32,73,112,115,117,109,32,105,115,32,115,105,109,112,108,121,32,100,117,109,109,121,32,116,101,120,116])
experiments.append('../sounds/carriers/bach.wav', '0.0', '../sounds/noises/crowd.wav', '-10', [[76, 111, 114, 101, 109, 32, 73, 112, 115, 117, 109, 32, 105, 115, 32, 115, 105, 109, 112, 108, 121, 32, 100, 117, 109, 109, 121, 32, 116, 101, 120, 116]], [76,111,114,101,109,32,73,112,115,117,109,32,105,115,32,115,105,109,112,108,121,32,100,117,109,109,121,32,116,101,120,116])
experiments.append('../sounds/carriers/bach.wav', '0.0', '../sounds/noises/crowd.wav', '0', [[76, 111, 114, 101, 109, 32, 73, 112, 115, 117, 109, 32, 105, 115, 32, 115, 105, 109, 112, 108, 121, 32, 100, 117, 109, 109, 121, 32, 116, 101, 120, 116]], [105,109,112,108,121,32,100,117,109,109,121,32,116,101,120,116])
experiments.append('../sounds/carriers/bach.wav', '0.0', '../sounds/noises/bottle-scratch.wav', '-30', [[76, 111, 114, 101, 109, 32, 73, 112, 115, 117, 109, 32, 105, 115, 32, 115, 105, 109, 112, 108, 121, 32, 100, 117, 109, 109, 121, 32, 116, 101, 120, 116]], [76,111,114,101,109,32,73,112,115,117,109,32,105,115,32,115,105,109,112,108,121,32,100,117,109,109,121,32,116,101,120,116])
experiments.append('../sounds/carriers/bach.wav', '0.0', '../sounds/noises/bottle-scratch.wav', '-20', [[76, 111, 114, 101, 109, 32, 73, 112, 115, 117, 109, 32, 105, 115, 32, 115, 105, 109, 112, 108, 121, 32, 100, 117, 109, 109, 121, 32, 116, 101, 120, 116]], [76,111,114,101,109,32,73,112,115,117,109,32,105,115,32,115,105,109,112,108,121,32,100,117,109,109,121,32,116,101,120,116])
experiments.append('../sounds/carriers/bach.wav', '0.0', '../sounds/noises/bottle-scratch.wav', '-10', [[76, 111, 114, 101, 109, 32, 73, 112, 115, 117, 109, 32, 105, 115, 32, 115, 105, 109, 112, 108, 121, 32, 100, 117, 109, 109, 121, 32, 116, 101, 120, 116]], [76,111,114,101,109,32,73,112,115,117,109,32,105,115,32,115,105,109,112,108,121,32,100,117,109,109,121,32,116,101,120,116])
experiments.append('../sounds/carriers/bach.wav', '0.0', '../sounds/noises/bottle-scratch.wav', '0', [[76, 111, 114, 101, 109, 32, 73, 112, 115, 117, 109, 32, 105, 115, 32, 115, 105, 109, 112, 108, 121, 32, 100, 117, 109, 109, 121, 32, 116, 101, 120, 116]], [76,111,114,101,109,32,73,112,115,117,109,32,105,115,32,115,97,109,112,108,121,32,100,53,109,109,121,32,124,101,120,36])
experiments.append('../sounds/carriers/bach.wav', '0.0', '../sounds/noises/ambulance.wav', '-30', [[76, 111, 114, 101, 109, 32, 73, 112, 115, 117, 109, 32, 105, 115, 32, 115, 105, 109, 112, 108, 121, 32, 100, 117, 109, 109, 121, 32, 116, 101, 120, 116]], [76,111,114,101,109,32,73,112,115,117,109,32,105,115,32,115,105,109,112,108,121,32,100,117,109,109,121,32,116,101,120,116])
experiments.append('../sounds/carriers/bach.wav', '0.0', '../sounds/noises/ambulance.wav', '-20', [[76, 111, 114, 101, 109, 32, 73, 112, 115, 117, 109, 32, 105, 115, 32, 115, 105, 109, 112, 108, 121, 32, 100, 117, 109, 109, 121, 32, 116, 101, 120, 116]], [76,111,114,101,109,32,73,112,115,117,109,32,105,115,32,115,105,109,112,108,121,32,100,117,109,109,121,32,116,101,120,116])
experiments.append('../sounds/carriers/bach.wav', '0.0', '../sounds/noises/ambulance.wav', '-10', [[76, 111, 114, 101, 109, 32, 73, 112, 115, 117, 109, 32, 105, 115, 32, 115, 105, 109, 112, 108, 121, 32, 100, 117, 109, 109, 121, 32, 116, 101, 120, 116]], [76,111,114,101,109,32,73,112,115,117,109,32,105,115,32,115,105,109,112,108,121,32,100,117,109,109,121,32,116,101,120,116])
experiments.append('../sounds/carriers/bach.wav', '0.0', '../sounds/noises/ambulance.wav', '0', [[76, 111, 114, 101, 109, 32, 73, 112, 115, 117, 109, 32, 105, 115, 32, 115, 105, 109, 112, 108, 121, 32, 100, 117, 109, 109, 121, 32, 116, 101, 120, 116]], [76,111,114,101,109,32,73,112,115,117,109,32,105,115,32,115,105,109,112,108,121,32,100,117,109,109,121,32,116,101,120,116])
experiments.append('../sounds/carriers/rockvocals.wav', '0.0', '../sounds/noises/keys.wav', '-30', [[76, 111, 114, 101, 109, 32, 73, 112, 115, 117, 109, 32, 105, 115, 32, 115, 105, 109, 112, 108, 121, 32, 100, 117, 109, 109, 121, 32, 116, 101, 120, 116]], [76,111,114,101,109,32,73,112,115,117,109,32,105,115,32,115,105,109,112,108,121,32,100,117,109,109,121,32,116,101,120,116])
experiments.append('../sounds/carriers/rockvocals.wav', '0.0', '../sounds/noises/keys.wav', '-20', [[76, 111, 114, 101, 109, 32, 73, 112, 115, 117, 109, 32, 105, 115, 32, 115, 105, 109, 112, 108, 121, 32, 100, 117, 109, 109, 121, 32, 116, 101, 120, 116]], [76,111,114,101,109,32,73,112,115,117,109,32,105,115,32,115,105,109,112,108,121,32,100,117,109,109,121,32,116,101,120,116])
experiments.append('../sounds/carriers/rockvocals.wav', '0.0', '../sounds/noises/keys.wav', '-10', [[76, 111, 114, 101, 109, 32, 73, 112, 115, 117, 109, 32, 105, 115, 32, 115, 105, 109, 112, 108, 121, 32, 100, 117, 109, 109, 121, 32, 116, 101, 120, 116]], [76,111,114,101,109,32,73,112,115,117,109,32,105,115,32,115,109,112,108,121,32,100,117,109,109,121,32,116,101,120,116,80])
experiments.append('../sounds/carriers/rockvocals.wav', '0.0', '../sounds/noises/keys.wav', '0', [[76, 111, 114, 101, 109, 32, 73, 112, 115, 117, 109, 32, 105, 115, 32, 115, 105, 109, 112, 108, 121, 32, 100, 117, 109, 109, 121, 32, 116, 101, 120, 116]], [76,111,114,101,109,32,73,112,115,117,109,32,105,115,32,115,105,109,112,108,121,32,100,117,109,109,121,32,116,101,120,116])
experiments.append('../sounds/carriers/rockvocals.wav', '0.0', '../sounds/noises/crowd.wav', '-30', [[76, 111, 114, 101, 109, 32, 73, 112, 115, 117, 109, 32, 105, 115, 32, 115, 105, 109, 112, 108, 121, 32, 100, 117, 109, 109, 121, 32, 116, 101, 120, 116]], [76,111,114,101,109,32,73,112,115,117,109,32,105,115,32,115,105,109,112,108,121,32,100,117,109,109,121,32,116,101,120,116])
experiments.append('../sounds/carriers/rockvocals.wav', '0.0', '../sounds/noises/crowd.wav', '-20', [[76, 111, 114, 101, 109, 32, 73, 112, 115, 117, 109, 32, 105, 115, 32, 115, 105, 109, 112, 108, 121, 32, 100, 117, 109, 109, 121, 32, 116, 101, 120, 116]], [76,111,114,101,109,32,73,112,115,117,109,32,105,115,32,115,105,109,112,108,121,32,100,117,109,109,121,32,116,101,120,116])
experiments.append('../sounds/carriers/rockvocals.wav', '0.0', '../sounds/noises/crowd.wav', '-10', [[76, 111, 114, 101, 109, 32, 73, 112, 115, 117, 109, 32, 105, 115, 32, 115, 105, 109, 112, 108, 121, 32, 100, 117, 109, 109, 121, 32, 116, 101, 120, 116]], [76,111,114,101,109,32,73,112,115,117,109,32,105,115,32,115,105,109,112,108,121,32,100,117,109,109,121,32,116,101,120,116])
experiments.append('../sounds/carriers/rockvocals.wav', '0.0', '../sounds/noises/crowd.wav', '0', [[76, 111, 114, 101, 109, 32, 73, 112, 115, 117, 109, 32, 105, 115, 32, 115, 105, 109, 112, 108, 121, 32, 100, 117, 109, 109, 121, 32, 116, 101, 120, 116]], [76,111,114,101,109,32,73,112,115,117,109,32,105,115,32,115,105,109,112,108,121,32,100,121,101,109,121,32,116,101,120,116])
experiments.append('../sounds/carriers/rockvocals.wav', '0.0', '../sounds/noises/bottle-scratch.wav', '-30', [[76, 111, 114, 101, 109, 32, 73, 112, 115, 117, 109, 32, 105, 115, 32, 115, 105, 109, 112, 108, 121, 32, 100, 117, 109, 109, 121, 32, 116, 101, 120, 116]], [76,111,114,101,109,32,73,112,115,117,109,32,105,115,32,115,105,109,112,108,121,32,100,117,109,109,121,32,116,101,120,116])
experiments.append('../sounds/carriers/rockvocals.wav', '0.0', '../sounds/noises/bottle-scratch.wav', '-20', [[76, 111, 114, 101, 109, 32, 73, 112, 115, 117, 109, 32, 105, 115, 32, 115, 105, 109, 112, 108, 121, 32, 100, 117, 109, 109, 121, 32, 116, 101, 120, 116]], [76,111,114,101,109,32,73,112,115,117,109,32,105,115,32,115])
experiments.append('../sounds/carriers/rockvocals.wav', '0.0', '../sounds/noises/bottle-scratch.wav', '-10', [[76, 111, 114, 101, 109, 32, 73, 112, 115, 117, 109, 32, 105, 115, 32, 115, 105, 109, 112, 108, 121, 32, 100, 117, 109, 109, 121, 32, 116, 101, 120, 116]], [76,111,114,101,109,32,73,112,115,117,109,32,105,115,32,115,105,109,112,108,121,32,100,117,109,109,121,32,116,101,120,116])
experiments.append('../sounds/carriers/rockvocals.wav', '0.0', '../sounds/noises/bottle-scratch.wav', '0', [[76, 111, 114, 101, 109, 32, 73, 112, 115, 117, 109, 32, 105, 115, 32, 115, 105, 109, 112, 108, 121, 32, 100, 117, 109, 109, 121, 32, 116, 101, 120, 116]], [76,111,114,101,109,32,73,112,115,117,109,32,105,115,32,115,109,109,112,108,121,32,100,117,109,109,121,32,116,101,120,116])
experiments.append('../sounds/carriers/rockvocals.wav', '0.0', '../sounds/noises/ambulance.wav', '-30', [[76, 111, 114, 101, 109, 32, 73, 112, 115, 117, 109, 32, 105, 115, 32, 115, 105, 109, 112, 108, 121, 32, 100, 117, 109, 109, 121, 32, 116, 101, 120, 116]], [76,111,114,101,109,32,73,112,115,117,109,32,105,115,32,115])
experiments.append('../sounds/carriers/rockvocals.wav', '0.0', '../sounds/noises/ambulance.wav', '-20', [[76, 111, 114, 101, 109, 32, 73, 112, 115, 117, 109, 32, 105, 115, 32, 115, 105, 109, 112, 108, 121, 32, 100, 117, 109, 109, 121, 32, 116, 101, 120, 116]], [76,111,114,101,109,32,73,112,115,117,109,32,105,115,32,115,105,109,112,108,121,32,100,117,109,109,121,32,116,101,120,116])
experiments.append('../sounds/carriers/rockvocals.wav', '0.0', '../sounds/noises/ambulance.wav', '-10', [[76, 111, 114, 101, 109, 32, 73, 112, 115, 117, 109, 32, 105, 115, 32, 115, 105, 109, 112, 108, 121, 32, 100, 117, 109, 109, 121, 32, 116, 101, 120, 116]], [76,111,114,101,109,32,73,112,115,117,109,32,105,115,32,115])
experiments.append('../sounds/carriers/rockvocals.wav', '0.0', '../sounds/noises/ambulance.wav', '0', [[76, 111, 114, 101, 109, 32, 73, 112, 115, 117, 109, 32, 105, 115, 32, 115, 105, 109, 112, 108, 121, 32, 100, 117, 109, 109, 121, 32, 116, 101, 120, 116]], [76,111,114,101,109,32,73,112,115,117,109,32,105,115,32,115,105,109,112,108,121,32,100,117,109,109,121,32,116,101,120,116])
experiments.append('../sounds/carriers/skalpel.wav', '0.0', '../sounds/noises/keys.wav', '-15', [[76, 111, 114, 101, 109, 32, 73, 112, 115, 117, 109, 32, 105, 115, 32, 115, 105, 109, 112, 108, 121, 32, 100, 117, 109, 109, 121, 32, 116, 101, 120, 116]], [76,111,114,101,109,32,73,112,115,117,109,32,105,115,32,115,105,109,112,108,121,32,100,117,109,109,121,32,116,101,120,116])
experiments.append('../sounds/carriers/skalpel.wav', '0.0', '../sounds/noises/keys.wav', '-5', [[76, 111, 114, 101, 109, 32, 73, 112, 115, 117, 109, 32, 105, 115, 32, 115, 105, 109, 112, 108, 121, 32, 100, 117, 109, 109, 121, 32, 116, 101, 120, 116]], [76,111,114,101,109,32,73,112,115,117,109,32,105,115,32,115,105,109,112,108,121,32,100,117,109,109,121,32,116,101,120,116])
experiments.append('../sounds/carriers/skalpel.wav', '0.0', '../sounds/noises/crowd.wav', '-15', [[76, 111, 114, 101, 109, 32, 73, 112, 115, 117, 109, 32, 105, 115, 32, 115, 105, 109, 112, 108, 121, 32, 100, 117, 109, 109, 121, 32, 116, 101, 120, 116]], [76,111,114,101,109,32,73,112,115,117,109,32,105,115,32,115,105,109,112,108,121,32,100,117,109,109,121,32,116,101,120,116])
experiments.append('../sounds/carriers/skalpel.wav', '0.0', '../sounds/noises/crowd.wav', '-5', [[76, 111, 114, 101, 109, 32, 73, 112, 115, 117, 109, 32, 105, 115, 32, 115, 105, 109, 112, 108, 121, 32, 100, 117, 109, 109, 121, 32, 116, 101, 120, 116]], [76,111,114,101,109,32,73,112,115,117,109,32,105,115,32,115,105,109,112,108,121,32,100,117,109,109,121,32,116,101,120,116])
experiments.append('../sounds/carriers/skalpel.wav', '0.0', '../sounds/noises/bottle-scratch.wav', '-15', [[76, 111, 114, 101, 109, 32, 73, 112, 115, 117, 109, 32, 105, 115, 32, 115, 105, 109, 112, 108, 121, 32, 100, 117, 109, 109, 121, 32, 116, 101, 120, 116]], [76,111,114,101,109,32,73,112,115,117,109,32,105,115,32,115])
experiments.append('../sounds/carriers/skalpel.wav', '0.0', '../sounds/noises/bottle-scratch.wav', '-5', [[76, 111, 114, 101, 109, 32, 73, 112, 115, 117, 109, 32, 105, 115, 32, 115, 105, 109, 112, 108, 121, 32, 100, 117, 109, 109, 121, 32, 116, 101, 120, 116]], [111,114,101,109,32,73,112,115,117,109,32,105,115,32,115,51])
experiments.append('../sounds/carriers/skalpel.wav', '0.0', '../sounds/noises/ambulance.wav', '-15', [[76, 111, 114, 101, 109, 32, 73, 112, 115, 117, 109, 32, 105, 115, 32, 115, 105, 109, 112, 108, 121, 32, 100, 117, 109, 109, 121, 32, 116, 101, 120, 116]], [76,111,114,101,109,32,73,112,115,117,109,32,105,115,32,115])
experiments.append('../sounds/carriers/skalpel.wav', '0.0', '../sounds/noises/ambulance.wav', '-5', [[76, 111, 114, 101, 109, 32, 73, 112, 115, 117, 109, 32, 105, 115, 32, 115, 105, 109, 112, 108, 121, 32, 100, 117, 109, 109, 121, 32, 116, 101, 120, 116]], [76,111,114,101,109,32,73,112,115,117,109,32,105,115,32,115,105,109,112,108,121,32,100,117,109,109,121,32,116,101,120,116])
experiments.append('../sounds/carriers/bach.wav', '0.0', '../sounds/noises/keys.wav', '-15', [[76, 111, 114, 101, 109, 32, 73, 112, 115, 117, 109, 32, 105, 115, 32, 115, 105, 109, 112, 108, 121, 32, 100, 117, 109, 109, 121, 32, 116, 101, 120, 116]], [76,111,114,101,109,32,73,112,115,117,109,32,105,115,32,115])
experiments.append('../sounds/carriers/bach.wav', '0.0', '../sounds/noises/keys.wav', '-5', [[76, 111, 114, 101, 109, 32, 73, 112, 115, 117, 109, 32, 105, 115, 32, 115, 105, 109, 112, 108, 121, 32, 100, 117, 109, 109, 121, 32, 116, 101, 120, 116]], [76,111,114,101,109,32,73,112,115,117,109,32,105,115,32,115,105,109,112,108,121,32,100,117,109,109,121,32,116,101,120,116])
experiments.append('../sounds/carriers/bach.wav', '0.0', '../sounds/noises/crowd.wav', '-15', [[76, 111, 114, 101, 109, 32, 73, 112, 115, 117, 109, 32, 105, 115, 32, 115, 105, 109, 112, 108, 121, 32, 100, 117, 109, 109, 121, 32, 116, 101, 120, 116]], [76,111,114,101,109,32,73,112,115,117,109,32,105,115,32,115,105,109,112,108,121,32,100,117,109,109,121,32,116,101,120,116])
experiments.append('../sounds/carriers/bach.wav', '0.0', '../sounds/noises/crowd.wav', '-5', [[76, 111, 114, 101, 109, 32, 73, 112, 115, 117, 109, 32, 105, 115, 32, 115, 105, 109, 112, 108, 121, 32, 100, 117, 109, 109, 121, 32, 116, 101, 120, 116]], [76,111,114,101,109,32,73,112,115,117,109,32,105,115,32,115,105,109,112,108,121,32,100,117,109,109,121,32,116,101,120,116])
experiments.append('../sounds/carriers/bach.wav', '0.0', '../sounds/noises/bottle-scratch.wav', '-15', [[76, 111, 114, 101, 109, 32, 73, 112, 115, 117, 109, 32, 105, 115, 32, 115, 105, 109, 112, 108, 121, 32, 100, 117, 109, 109, 121, 32, 116, 101, 120, 116]], [76,111,114,101,109,32,73,112,115,117,109,32,105,115,32,115,105,109,112,108,121,32,100,117,109,109,121,32,116,101,120,116])
experiments.append('../sounds/carriers/bach.wav', '0.0', '../sounds/noises/bottle-scratch.wav', '-5', [[76, 111, 114, 101, 109, 32, 73, 112, 115, 117, 109, 32, 105, 115, 32, 115, 105, 109, 112, 108, 121, 32, 100, 117, 109, 109, 121, 32, 116, 101, 120, 116]], [76,111,114,101,109,32,73,112,115,117,109,32,105,115,32,115,105,109,112,108,121,32,100,117,109,109,121,32,116,101,120,116])
experiments.append('../sounds/carriers/bach.wav', '0.0', '../sounds/noises/ambulance.wav', '-15', [[76, 111, 114, 101, 109, 32, 73, 112, 115, 117, 109, 32, 105, 115, 32, 115, 105, 109, 112, 108, 121, 32, 100, 117, 109, 109, 121, 32, 116, 101, 120, 116]], [76,111,114,101,109,32,73,112,115,117,109,32,105,115,32,115,105,109,112,108,121,32,100,117,109,109,121,32,116,101,120,116])
experiments.append('../sounds/carriers/bach.wav', '0.0', '../sounds/noises/ambulance.wav', '-5', [[76, 111, 114, 101, 109, 32, 73, 112, 115, 117, 109, 32, 105, 115, 32, 115, 105, 109, 112, 108, 121, 32, 100, 117, 109, 109, 121, 32, 116, 101, 120, 116]], [76,111,114,101,109,32,73,112,115,117,109,32,105,115,32,115,105,109,112,108,121,32,100,117,109,109,121,32,116,101,120,116])
experiments.append('../sounds/carriers/rockvocals.wav', '0.0', '../sounds/noises/keys.wav', '-15', [[76, 111, 114, 101, 109, 32, 73, 112, 115, 117, 109, 32, 105, 115, 32, 115, 105, 109, 112, 108, 121, 32, 100, 117, 109, 109, 121, 32, 116, 101, 120, 116]], [76,111,114,101,109,32,73,112,115,117,109,32,105,115,32,115,105,109,112,108,121,32,100,117,109,109,121,32,116,101,120,116])
experiments.append('../sounds/carriers/rockvocals.wav', '0.0', '../sounds/noises/keys.wav', '-5', [[76, 111, 114, 101, 109, 32, 73, 112, 115, 117, 109, 32, 105, 115, 32, 115, 105, 109, 112, 108, 121, 32, 100, 117, 109, 109, 121, 32, 116, 101, 120, 116]], [76,111,114,101,109,32,73,112,115,117,109,32,105,115,32,115])
experiments.append('../sounds/carriers/rockvocals.wav', '0.0', '../sounds/noises/crowd.wav', '-15', [[76, 111, 114, 101, 109, 32, 73, 112, 115, 117, 109, 32, 105, 115, 32, 115, 105, 109, 112, 108, 121, 32, 100, 117, 109, 109, 121, 32, 116, 101, 120, 116]], [76,111,114,101,109,32,73,112,115,117,109,32,105,115,32,115,105,109,112,108,121,32,100,117,109,109,121,32,116,101,120,116])
experiments.append('../sounds/carriers/rockvocals.wav', '0.0', '../sounds/noises/crowd.wav', '-5', [[76, 111, 114, 101, 109, 32, 73, 112, 115, 117, 109, 32, 105, 115, 32, 115, 105, 109, 112, 108, 121, 32, 100, 117, 109, 109, 121, 32, 116, 101, 120, 116]], [76,111,114,101,109,32,73,112,115,117,109,32,105,115,32,115,105,109,112,108,121,32,100,117,109,109,121,32,116,101,120,116])
experiments.append('../sounds/carriers/rockvocals.wav', '0.0', '../sounds/noises/bottle-scratch.wav', '-15', [[76, 111, 114, 101, 109, 32, 73, 112, 115, 117, 109, 32, 105, 115, 32, 115, 105, 109, 112, 108, 121, 32, 100, 117, 109, 109, 121, 32, 116, 101, 120, 116]], [76,111,114,101,109,32,73,112,115,117,109,32,105,115,32,115,105,109,112,108,121,32,100,117,109,109,121,32,116,101,120,116])
experiments.append('../sounds/carriers/rockvocals.wav', '0.0', '../sounds/noises/bottle-scratch.wav', '-5', [[76, 111, 114, 101, 109, 32, 73, 112, 115, 117, 109, 32, 105, 115, 32, 115, 105, 109, 112, 108, 121, 32, 100, 117, 109, 109, 121, 32, 116, 101, 120, 116]], [76,111,114,101,109,32,73,112,115,117,109,32,105,115,32,115,105,109,112,108,121,32,100,117,109,109,121,32,116,101,120,116])
experiments.append('../sounds/carriers/rockvocals.wav', '0.0', '../sounds/noises/ambulance.wav', '-15', [[76, 111, 114, 101, 109, 32, 73, 112, 115, 117, 109, 32, 105, 115, 32, 115, 105, 109, 112, 108, 121, 32, 100, 117, 109, 109, 121, 32, 116, 101, 120, 116]], [76,111,114,101,109,32,73,112,115,117,109,32,105,115,32,115,105,109,112,108,121,32,100,117,109,109,121,32,116,101,120,116])
experiments.append('../sounds/carriers/rockvocals.wav', '0.0', '../sounds/noises/ambulance.wav', '-5', [[76, 111, 114, 101, 109, 32, 73, 112, 115, 117, 109, 32, 105, 115, 32, 115, 105, 109, 112, 108, 121, 32, 100, 117, 109, 109, 121, 32, 116, 101, 120, 116]], [76,111,114,101,109,32,73,112,115,117,109,32,105,115,32,115,105,109,112,108,121,32,100,117,109,109,121,32,116,101,120,116])
experiments.append('../sounds/carriers/bach.wav', '0.0', '../sounds/noises/keys.wav', '-15', [[76, 111, 114, 101, 109, 32, 73, 112, 115, 117, 109, 32, 105, 115, 32, 115, 105, 109, 112, 108, 121, 32, 100, 117, 109, 109, 121, 32, 116, 101, 120, 116]], [76,111,114,101,109,32,73,112,115,117,109,32,105,115,32,115,105,109,112,108,121,32,100,117,109,109,121,32,116,101,120,116])
experiments.append('../sounds/carriers/rockvocals.wav', '0.0', '../sounds/noises/ambulance.wav', '-30', [[76, 111, 114, 101, 109, 32, 73, 112, 115, 117, 109, 32, 105, 115, 32, 115, 105, 109, 112, 108, 121, 32, 100, 117, 109, 109, 121, 32, 116, 101, 120, 116]], [76,111,114,101,109,32,73,112,115,117,109,32,105,115,32,115,105,109,112,108,121,32,100,117,109,109,121,32,116,101,120,116])
experiments.append('../sounds/carriers/rockvocals.wav', '0.0', '../sounds/noises/ambulance.wav', '-10', [[76, 111, 114, 101, 109, 32, 73, 112, 115, 117, 109, 32, 105, 115, 32, 115, 105, 109, 112, 108, 121, 32, 100, 117, 109, 109, 121, 32, 116, 101, 120, 116]], [76,111,114,101,109,32,73,112,115,117,109,32,105,115,32,115,105,109,112,108,121,32,100,117,109,109,121,32,116,101,120,116])
experiments.append('../sounds/carriers/rockvocals.wav', '0.0', '../sounds/noises/bottle-scratch.wav', '-20', [[76, 111, 114, 101, 109, 32, 73, 112, 115, 117, 109, 32, 105, 115, 32, 115, 105, 109, 112, 108, 121, 32, 100, 117, 109, 109, 121, 32, 116, 101, 120, 116]], [76,111,114,101,109,32,73,112,115,117,109,32,105,115,32,115,105,109,112,108,121,32,100,117,109,109,121,32,116,101,120,116])
experiments.append('../sounds/carriers/rockvocals.wav', '0.0', '../sounds/noises/keys.wav', '-10', [[76, 111, 114, 101, 109, 32, 73, 112, 115, 117, 109, 32, 105, 115, 32, 115, 105, 109, 112, 108, 121, 32, 100, 117, 109, 109, 121, 32, 116, 101, 120, 116]], [76,111,114,101,109,32,73,112,115,117,109,32,105,115,32,115,105,109,112,108,121,32,100,117,109,109,121,32,116,101,120,116])
experiments.append('../sounds/carriers/rockvocals.wav', '0.0', '../sounds/noises/keys.wav', '-5', [[76, 111, 114, 101, 109, 32, 73, 112, 115, 117, 109, 32, 105, 115, 32, 115, 105, 109, 112, 108, 121, 32, 100, 117, 109, 109, 121, 32, 116, 101, 120, 116]], [76,111,114,101,109,32,73,112,115,117,109,32,105,115,32,115,105,109,112,108,121,32,100,117,109,109,121,32,116,101,120,116])
experiments.append('../sounds/carriers/skalpel.wav', '0.0', '../sounds/noises/ambulance.wav', '-15', [[76, 111, 114, 101, 109, 32, 73, 112, 115, 117, 109, 32, 105, 115, 32, 115, 105, 109, 112, 108, 121, 32, 100, 117, 109, 109, 121, 32, 116, 101, 120, 116]], [76,111,114,101,109,32,73,112,115,117,109,32,105,115,32,115,105,109,112,108,121,32,100,117,109,109,121,32,116,101,120,116])
experiments.append('../sounds/carriers/skalpel.wav', '0.0', '../sounds/noises/bottle-scratch.wav', '-15', [[76, 111, 114, 101, 109, 32, 73, 112, 115, 117, 109, 32, 105, 115, 32, 115, 105, 109, 112, 108, 121, 32, 100, 117, 109, 109, 121, 32, 116, 101, 120, 116]], [76,111,114,101,109,32,73,112,115,117,109,32,105,115,32,115,105,109,112,108,121,32,100,117,109,109,121,32,116,101,120,116])
experiments.append('../sounds/carriers/skalpel.wav', '0.0', '../sounds/noises/bottle-scratch.wav', '-5', [[76, 111, 114, 101, 109, 32, 73, 112, 115, 117, 109, 32, 105, 115, 32, 115, 105, 109, 112, 108, 121, 32, 100, 117, 109, 109, 121, 32, 116, 101, 120, 116]], [76,111,114,101,109,32,73,112,115,117,109,32,105,115,32,115,105,109,112,108,121,32,100,117,109,109,121,32,116,101,120,116])
